{
 "cells": [
  {
   "cell_type": "code",
   "execution_count": 17,
   "id": "2f5155c8-58de-489c-90e5-5fcd14b06ba2",
   "metadata": {},
   "outputs": [
    {
     "name": "stdout",
     "output_type": "stream",
     "text": [
      "Customers Dataset:\n"
     ]
    },
    {
     "data": {
      "text/html": [
       "<div>\n",
       "<style scoped>\n",
       "    .dataframe tbody tr th:only-of-type {\n",
       "        vertical-align: middle;\n",
       "    }\n",
       "\n",
       "    .dataframe tbody tr th {\n",
       "        vertical-align: top;\n",
       "    }\n",
       "\n",
       "    .dataframe thead th {\n",
       "        text-align: right;\n",
       "    }\n",
       "</style>\n",
       "<table border=\"1\" class=\"dataframe\">\n",
       "  <thead>\n",
       "    <tr style=\"text-align: right;\">\n",
       "      <th></th>\n",
       "      <th>CustomerID</th>\n",
       "      <th>CustomerName</th>\n",
       "      <th>Region</th>\n",
       "      <th>SignupDate</th>\n",
       "    </tr>\n",
       "  </thead>\n",
       "  <tbody>\n",
       "    <tr>\n",
       "      <th>0</th>\n",
       "      <td>C0001</td>\n",
       "      <td>Lawrence Carroll</td>\n",
       "      <td>South America</td>\n",
       "      <td>2022-07-10</td>\n",
       "    </tr>\n",
       "    <tr>\n",
       "      <th>1</th>\n",
       "      <td>C0002</td>\n",
       "      <td>Elizabeth Lutz</td>\n",
       "      <td>Asia</td>\n",
       "      <td>2022-02-13</td>\n",
       "    </tr>\n",
       "    <tr>\n",
       "      <th>2</th>\n",
       "      <td>C0003</td>\n",
       "      <td>Michael Rivera</td>\n",
       "      <td>South America</td>\n",
       "      <td>2024-03-07</td>\n",
       "    </tr>\n",
       "    <tr>\n",
       "      <th>3</th>\n",
       "      <td>C0004</td>\n",
       "      <td>Kathleen Rodriguez</td>\n",
       "      <td>South America</td>\n",
       "      <td>2022-10-09</td>\n",
       "    </tr>\n",
       "    <tr>\n",
       "      <th>4</th>\n",
       "      <td>C0005</td>\n",
       "      <td>Laura Weber</td>\n",
       "      <td>Asia</td>\n",
       "      <td>2022-08-15</td>\n",
       "    </tr>\n",
       "  </tbody>\n",
       "</table>\n",
       "</div>"
      ],
      "text/plain": [
       "  CustomerID        CustomerName         Region  SignupDate\n",
       "0      C0001    Lawrence Carroll  South America  2022-07-10\n",
       "1      C0002      Elizabeth Lutz           Asia  2022-02-13\n",
       "2      C0003      Michael Rivera  South America  2024-03-07\n",
       "3      C0004  Kathleen Rodriguez  South America  2022-10-09\n",
       "4      C0005         Laura Weber           Asia  2022-08-15"
      ]
     },
     "metadata": {},
     "output_type": "display_data"
    },
    {
     "name": "stdout",
     "output_type": "stream",
     "text": [
      "Products Dataset:\n"
     ]
    },
    {
     "data": {
      "text/html": [
       "<div>\n",
       "<style scoped>\n",
       "    .dataframe tbody tr th:only-of-type {\n",
       "        vertical-align: middle;\n",
       "    }\n",
       "\n",
       "    .dataframe tbody tr th {\n",
       "        vertical-align: top;\n",
       "    }\n",
       "\n",
       "    .dataframe thead th {\n",
       "        text-align: right;\n",
       "    }\n",
       "</style>\n",
       "<table border=\"1\" class=\"dataframe\">\n",
       "  <thead>\n",
       "    <tr style=\"text-align: right;\">\n",
       "      <th></th>\n",
       "      <th>ProductID</th>\n",
       "      <th>ProductName</th>\n",
       "      <th>Category</th>\n",
       "      <th>Price</th>\n",
       "    </tr>\n",
       "  </thead>\n",
       "  <tbody>\n",
       "    <tr>\n",
       "      <th>0</th>\n",
       "      <td>P001</td>\n",
       "      <td>ActiveWear Biography</td>\n",
       "      <td>Books</td>\n",
       "      <td>169.30</td>\n",
       "    </tr>\n",
       "    <tr>\n",
       "      <th>1</th>\n",
       "      <td>P002</td>\n",
       "      <td>ActiveWear Smartwatch</td>\n",
       "      <td>Electronics</td>\n",
       "      <td>346.30</td>\n",
       "    </tr>\n",
       "    <tr>\n",
       "      <th>2</th>\n",
       "      <td>P003</td>\n",
       "      <td>ComfortLiving Biography</td>\n",
       "      <td>Books</td>\n",
       "      <td>44.12</td>\n",
       "    </tr>\n",
       "    <tr>\n",
       "      <th>3</th>\n",
       "      <td>P004</td>\n",
       "      <td>BookWorld Rug</td>\n",
       "      <td>Home Decor</td>\n",
       "      <td>95.69</td>\n",
       "    </tr>\n",
       "    <tr>\n",
       "      <th>4</th>\n",
       "      <td>P005</td>\n",
       "      <td>TechPro T-Shirt</td>\n",
       "      <td>Clothing</td>\n",
       "      <td>429.31</td>\n",
       "    </tr>\n",
       "  </tbody>\n",
       "</table>\n",
       "</div>"
      ],
      "text/plain": [
       "  ProductID              ProductName     Category   Price\n",
       "0      P001     ActiveWear Biography        Books  169.30\n",
       "1      P002    ActiveWear Smartwatch  Electronics  346.30\n",
       "2      P003  ComfortLiving Biography        Books   44.12\n",
       "3      P004            BookWorld Rug   Home Decor   95.69\n",
       "4      P005          TechPro T-Shirt     Clothing  429.31"
      ]
     },
     "metadata": {},
     "output_type": "display_data"
    },
    {
     "name": "stdout",
     "output_type": "stream",
     "text": [
      "Transactions Dataset:\n"
     ]
    },
    {
     "data": {
      "text/html": [
       "<div>\n",
       "<style scoped>\n",
       "    .dataframe tbody tr th:only-of-type {\n",
       "        vertical-align: middle;\n",
       "    }\n",
       "\n",
       "    .dataframe tbody tr th {\n",
       "        vertical-align: top;\n",
       "    }\n",
       "\n",
       "    .dataframe thead th {\n",
       "        text-align: right;\n",
       "    }\n",
       "</style>\n",
       "<table border=\"1\" class=\"dataframe\">\n",
       "  <thead>\n",
       "    <tr style=\"text-align: right;\">\n",
       "      <th></th>\n",
       "      <th>TransactionID</th>\n",
       "      <th>CustomerID</th>\n",
       "      <th>ProductID</th>\n",
       "      <th>TransactionDate</th>\n",
       "      <th>Quantity</th>\n",
       "      <th>TotalValue</th>\n",
       "      <th>Price</th>\n",
       "    </tr>\n",
       "  </thead>\n",
       "  <tbody>\n",
       "    <tr>\n",
       "      <th>0</th>\n",
       "      <td>T00001</td>\n",
       "      <td>C0199</td>\n",
       "      <td>P067</td>\n",
       "      <td>2024-08-25 12:38:23</td>\n",
       "      <td>1</td>\n",
       "      <td>300.68</td>\n",
       "      <td>300.68</td>\n",
       "    </tr>\n",
       "    <tr>\n",
       "      <th>1</th>\n",
       "      <td>T00112</td>\n",
       "      <td>C0146</td>\n",
       "      <td>P067</td>\n",
       "      <td>2024-05-27 22:23:54</td>\n",
       "      <td>1</td>\n",
       "      <td>300.68</td>\n",
       "      <td>300.68</td>\n",
       "    </tr>\n",
       "    <tr>\n",
       "      <th>2</th>\n",
       "      <td>T00166</td>\n",
       "      <td>C0127</td>\n",
       "      <td>P067</td>\n",
       "      <td>2024-04-25 07:38:55</td>\n",
       "      <td>1</td>\n",
       "      <td>300.68</td>\n",
       "      <td>300.68</td>\n",
       "    </tr>\n",
       "    <tr>\n",
       "      <th>3</th>\n",
       "      <td>T00272</td>\n",
       "      <td>C0087</td>\n",
       "      <td>P067</td>\n",
       "      <td>2024-03-26 22:55:37</td>\n",
       "      <td>2</td>\n",
       "      <td>601.36</td>\n",
       "      <td>300.68</td>\n",
       "    </tr>\n",
       "    <tr>\n",
       "      <th>4</th>\n",
       "      <td>T00363</td>\n",
       "      <td>C0070</td>\n",
       "      <td>P067</td>\n",
       "      <td>2024-03-21 15:10:10</td>\n",
       "      <td>3</td>\n",
       "      <td>902.04</td>\n",
       "      <td>300.68</td>\n",
       "    </tr>\n",
       "  </tbody>\n",
       "</table>\n",
       "</div>"
      ],
      "text/plain": [
       "  TransactionID CustomerID ProductID      TransactionDate  Quantity  \\\n",
       "0        T00001      C0199      P067  2024-08-25 12:38:23         1   \n",
       "1        T00112      C0146      P067  2024-05-27 22:23:54         1   \n",
       "2        T00166      C0127      P067  2024-04-25 07:38:55         1   \n",
       "3        T00272      C0087      P067  2024-03-26 22:55:37         2   \n",
       "4        T00363      C0070      P067  2024-03-21 15:10:10         3   \n",
       "\n",
       "   TotalValue   Price  \n",
       "0      300.68  300.68  \n",
       "1      300.68  300.68  \n",
       "2      300.68  300.68  \n",
       "3      601.36  300.68  \n",
       "4      902.04  300.68  "
      ]
     },
     "metadata": {},
     "output_type": "display_data"
    }
   ],
   "source": [
    "# Import libraries\n",
    "import pandas as pd\n",
    "\n",
    "# Load datasets\n",
    "customers = pd.read_csv(r\"C:\\Users\\HP\\OneDrive\\Desktop\\Project\\data\\Customers.csv\")\n",
    "products = pd.read_csv(r\"C:\\Users\\HP\\OneDrive\\Desktop\\Project\\data\\Products.csv\")\n",
    "transactions = pd.read_csv(r\"C:\\Users\\HP\\OneDrive\\Desktop\\Project\\data\\Transactions.csv\")\n",
    "\n",
    "# Display the first few rows of each dataset\n",
    "print(\"Customers Dataset:\")\n",
    "display(customers.head())\n",
    "\n",
    "print(\"Products Dataset:\")\n",
    "display(products.head())\n",
    "\n",
    "print(\"Transactions Dataset:\")\n",
    "display(transactions.head())"
   ]
  },
  {
   "cell_type": "code",
   "execution_count": 18,
   "id": "16078171-4ca4-4789-a09e-987806d97bf1",
   "metadata": {},
   "outputs": [
    {
     "data": {
      "text/html": [
       "<div>\n",
       "<style scoped>\n",
       "    .dataframe tbody tr th:only-of-type {\n",
       "        vertical-align: middle;\n",
       "    }\n",
       "\n",
       "    .dataframe tbody tr th {\n",
       "        vertical-align: top;\n",
       "    }\n",
       "\n",
       "    .dataframe thead th {\n",
       "        text-align: right;\n",
       "    }\n",
       "</style>\n",
       "<table border=\"1\" class=\"dataframe\">\n",
       "  <thead>\n",
       "    <tr style=\"text-align: right;\">\n",
       "      <th></th>\n",
       "      <th>CustomerID</th>\n",
       "      <th>total_spent</th>\n",
       "      <th>transaction_count</th>\n",
       "      <th>unique_products</th>\n",
       "      <th>Region</th>\n",
       "    </tr>\n",
       "  </thead>\n",
       "  <tbody>\n",
       "    <tr>\n",
       "      <th>0</th>\n",
       "      <td>C0001</td>\n",
       "      <td>3354.52</td>\n",
       "      <td>5</td>\n",
       "      <td>5</td>\n",
       "      <td>South America</td>\n",
       "    </tr>\n",
       "    <tr>\n",
       "      <th>1</th>\n",
       "      <td>C0002</td>\n",
       "      <td>1862.74</td>\n",
       "      <td>4</td>\n",
       "      <td>4</td>\n",
       "      <td>Asia</td>\n",
       "    </tr>\n",
       "    <tr>\n",
       "      <th>2</th>\n",
       "      <td>C0003</td>\n",
       "      <td>2725.38</td>\n",
       "      <td>4</td>\n",
       "      <td>4</td>\n",
       "      <td>South America</td>\n",
       "    </tr>\n",
       "    <tr>\n",
       "      <th>3</th>\n",
       "      <td>C0004</td>\n",
       "      <td>5354.88</td>\n",
       "      <td>8</td>\n",
       "      <td>8</td>\n",
       "      <td>South America</td>\n",
       "    </tr>\n",
       "    <tr>\n",
       "      <th>4</th>\n",
       "      <td>C0005</td>\n",
       "      <td>2034.24</td>\n",
       "      <td>3</td>\n",
       "      <td>3</td>\n",
       "      <td>Asia</td>\n",
       "    </tr>\n",
       "  </tbody>\n",
       "</table>\n",
       "</div>"
      ],
      "text/plain": [
       "  CustomerID  total_spent  transaction_count  unique_products         Region\n",
       "0      C0001      3354.52                  5                5  South America\n",
       "1      C0002      1862.74                  4                4           Asia\n",
       "2      C0003      2725.38                  4                4  South America\n",
       "3      C0004      5354.88                  8                8  South America\n",
       "4      C0005      2034.24                  3                3           Asia"
      ]
     },
     "metadata": {},
     "output_type": "display_data"
    }
   ],
   "source": [
    "# Merge customers with transactions based on CustomerID\n",
    "customer_transactions = pd.merge(transactions, customers, on='CustomerID')\n",
    "\n",
    "# Aggregate transaction data per customer\n",
    "customer_behavior = customer_transactions.groupby('CustomerID').agg(\n",
    "    total_spent=('TotalValue', 'sum'),        # Total spending per customer\n",
    "    transaction_count=('TransactionID', 'count'),  # Number of transactions\n",
    "    unique_products=('ProductID', 'nunique')   # Number of unique products purchased\n",
    ").reset_index()\n",
    "\n",
    "# Merge the behavior data with the customers' region information\n",
    "customer_behavior = pd.merge(customer_behavior, customers[['CustomerID', 'Region']], on='CustomerID')\n",
    "\n",
    "# Display the aggregated customer behavior data\n",
    "display(customer_behavior.head())\n"
   ]
  },
  {
   "cell_type": "code",
   "execution_count": 19,
   "id": "1dd5342e-2c72-4bba-8fae-4ca89d4ce6a0",
   "metadata": {},
   "outputs": [
    {
     "data": {
      "text/html": [
       "<div>\n",
       "<style scoped>\n",
       "    .dataframe tbody tr th:only-of-type {\n",
       "        vertical-align: middle;\n",
       "    }\n",
       "\n",
       "    .dataframe tbody tr th {\n",
       "        vertical-align: top;\n",
       "    }\n",
       "\n",
       "    .dataframe thead th {\n",
       "        text-align: right;\n",
       "    }\n",
       "</style>\n",
       "<table border=\"1\" class=\"dataframe\">\n",
       "  <thead>\n",
       "    <tr style=\"text-align: right;\">\n",
       "      <th>CustomerID</th>\n",
       "      <th>C0001</th>\n",
       "      <th>C0002</th>\n",
       "      <th>C0003</th>\n",
       "      <th>C0004</th>\n",
       "      <th>C0005</th>\n",
       "      <th>C0006</th>\n",
       "      <th>C0007</th>\n",
       "      <th>C0008</th>\n",
       "      <th>C0009</th>\n",
       "      <th>C0010</th>\n",
       "      <th>C0011</th>\n",
       "      <th>C0012</th>\n",
       "      <th>C0013</th>\n",
       "      <th>C0014</th>\n",
       "      <th>C0015</th>\n",
       "      <th>C0016</th>\n",
       "      <th>C0017</th>\n",
       "      <th>C0018</th>\n",
       "      <th>C0019</th>\n",
       "      <th>C0020</th>\n",
       "    </tr>\n",
       "    <tr>\n",
       "      <th>CustomerID</th>\n",
       "      <th></th>\n",
       "      <th></th>\n",
       "      <th></th>\n",
       "      <th></th>\n",
       "      <th></th>\n",
       "      <th></th>\n",
       "      <th></th>\n",
       "      <th></th>\n",
       "      <th></th>\n",
       "      <th></th>\n",
       "      <th></th>\n",
       "      <th></th>\n",
       "      <th></th>\n",
       "      <th></th>\n",
       "      <th></th>\n",
       "      <th></th>\n",
       "      <th></th>\n",
       "      <th></th>\n",
       "      <th></th>\n",
       "      <th></th>\n",
       "    </tr>\n",
       "  </thead>\n",
       "  <tbody>\n",
       "    <tr>\n",
       "      <th>C0001</th>\n",
       "      <td>1.000000</td>\n",
       "      <td>0.441150</td>\n",
       "      <td>0.152203</td>\n",
       "      <td>-0.030667</td>\n",
       "      <td>0.115536</td>\n",
       "      <td>-0.684486</td>\n",
       "      <td>-0.040062</td>\n",
       "      <td>0.253231</td>\n",
       "      <td>0.342191</td>\n",
       "      <td>0.469227</td>\n",
       "      <td>-0.508664</td>\n",
       "      <td>-0.382608</td>\n",
       "      <td>-0.295809</td>\n",
       "      <td>0.139157</td>\n",
       "      <td>0.134605</td>\n",
       "      <td>-0.605349</td>\n",
       "      <td>0.086526</td>\n",
       "      <td>-0.721185</td>\n",
       "      <td>0.817154</td>\n",
       "      <td>0.061158</td>\n",
       "    </tr>\n",
       "    <tr>\n",
       "      <th>C0002</th>\n",
       "      <td>0.441150</td>\n",
       "      <td>1.000000</td>\n",
       "      <td>0.930170</td>\n",
       "      <td>-0.888940</td>\n",
       "      <td>0.920482</td>\n",
       "      <td>0.040945</td>\n",
       "      <td>0.832297</td>\n",
       "      <td>-0.683623</td>\n",
       "      <td>0.992784</td>\n",
       "      <td>0.999182</td>\n",
       "      <td>-0.860726</td>\n",
       "      <td>-0.970613</td>\n",
       "      <td>-0.987201</td>\n",
       "      <td>0.934215</td>\n",
       "      <td>0.931281</td>\n",
       "      <td>-0.855334</td>\n",
       "      <td>-0.817822</td>\n",
       "      <td>-0.830148</td>\n",
       "      <td>0.174338</td>\n",
       "      <td>0.896983</td>\n",
       "    </tr>\n",
       "    <tr>\n",
       "      <th>C0003</th>\n",
       "      <td>0.152203</td>\n",
       "      <td>0.930170</td>\n",
       "      <td>1.000000</td>\n",
       "      <td>-0.992468</td>\n",
       "      <td>0.999259</td>\n",
       "      <td>0.404906</td>\n",
       "      <td>0.977338</td>\n",
       "      <td>-0.902205</td>\n",
       "      <td>0.966632</td>\n",
       "      <td>0.914561</td>\n",
       "      <td>-0.647877</td>\n",
       "      <td>-0.971106</td>\n",
       "      <td>-0.970954</td>\n",
       "      <td>0.998982</td>\n",
       "      <td>0.999243</td>\n",
       "      <td>-0.619522</td>\n",
       "      <td>-0.969703</td>\n",
       "      <td>-0.568763</td>\n",
       "      <td>-0.197789</td>\n",
       "      <td>0.995780</td>\n",
       "    </tr>\n",
       "    <tr>\n",
       "      <th>C0004</th>\n",
       "      <td>-0.030667</td>\n",
       "      <td>-0.888940</td>\n",
       "      <td>-0.992468</td>\n",
       "      <td>1.000000</td>\n",
       "      <td>-0.996377</td>\n",
       "      <td>-0.487096</td>\n",
       "      <td>-0.992060</td>\n",
       "      <td>0.941292</td>\n",
       "      <td>-0.937436</td>\n",
       "      <td>-0.869969</td>\n",
       "      <td>0.600775</td>\n",
       "      <td>0.934560</td>\n",
       "      <td>0.947827</td>\n",
       "      <td>-0.993609</td>\n",
       "      <td>-0.994323</td>\n",
       "      <td>0.559558</td>\n",
       "      <td>0.990476</td>\n",
       "      <td>0.492956</td>\n",
       "      <td>0.294531</td>\n",
       "      <td>-0.999325</td>\n",
       "    </tr>\n",
       "    <tr>\n",
       "      <th>C0005</th>\n",
       "      <td>0.115536</td>\n",
       "      <td>0.920482</td>\n",
       "      <td>0.999259</td>\n",
       "      <td>-0.996377</td>\n",
       "      <td>1.000000</td>\n",
       "      <td>0.427019</td>\n",
       "      <td>0.982706</td>\n",
       "      <td>-0.914305</td>\n",
       "      <td>0.960359</td>\n",
       "      <td>0.903969</td>\n",
       "      <td>-0.638871</td>\n",
       "      <td>-0.961359</td>\n",
       "      <td>-0.966687</td>\n",
       "      <td>0.999185</td>\n",
       "      <td>0.999527</td>\n",
       "      <td>-0.606242</td>\n",
       "      <td>-0.977108</td>\n",
       "      <td>-0.550080</td>\n",
       "      <td>-0.224273</td>\n",
       "      <td>0.998346</td>\n",
       "    </tr>\n",
       "    <tr>\n",
       "      <th>C0006</th>\n",
       "      <td>-0.684486</td>\n",
       "      <td>0.040945</td>\n",
       "      <td>0.404906</td>\n",
       "      <td>-0.487096</td>\n",
       "      <td>0.427019</td>\n",
       "      <td>1.000000</td>\n",
       "      <td>0.586990</td>\n",
       "      <td>-0.752794</td>\n",
       "      <td>0.158148</td>\n",
       "      <td>0.000501</td>\n",
       "      <td>0.380461</td>\n",
       "      <td>-0.225544</td>\n",
       "      <td>-0.183817</td>\n",
       "      <td>0.392061</td>\n",
       "      <td>0.400080</td>\n",
       "      <td>0.444203</td>\n",
       "      <td>-0.602262</td>\n",
       "      <td>0.519620</td>\n",
       "      <td>-0.972495</td>\n",
       "      <td>0.476078</td>\n",
       "    </tr>\n",
       "    <tr>\n",
       "      <th>C0007</th>\n",
       "      <td>-0.040062</td>\n",
       "      <td>0.832297</td>\n",
       "      <td>0.977338</td>\n",
       "      <td>-0.992060</td>\n",
       "      <td>0.982706</td>\n",
       "      <td>0.586990</td>\n",
       "      <td>1.000000</td>\n",
       "      <td>-0.973011</td>\n",
       "      <td>0.892130</td>\n",
       "      <td>0.809235</td>\n",
       "      <td>-0.495683</td>\n",
       "      <td>-0.905778</td>\n",
       "      <td>-0.903324</td>\n",
       "      <td>0.974897</td>\n",
       "      <td>0.976819</td>\n",
       "      <td>-0.452846</td>\n",
       "      <td>-0.998425</td>\n",
       "      <td>-0.386337</td>\n",
       "      <td>-0.400423</td>\n",
       "      <td>0.991365</td>\n",
       "    </tr>\n",
       "    <tr>\n",
       "      <th>C0008</th>\n",
       "      <td>0.253231</td>\n",
       "      <td>-0.683623</td>\n",
       "      <td>-0.902205</td>\n",
       "      <td>0.941292</td>\n",
       "      <td>-0.914305</td>\n",
       "      <td>-0.752794</td>\n",
       "      <td>-0.973011</td>\n",
       "      <td>1.000000</td>\n",
       "      <td>-0.765879</td>\n",
       "      <td>-0.653725</td>\n",
       "      <td>0.310141</td>\n",
       "      <td>0.786174</td>\n",
       "      <td>0.784562</td>\n",
       "      <td>-0.898975</td>\n",
       "      <td>-0.902523</td>\n",
       "      <td>0.252516</td>\n",
       "      <td>0.978794</td>\n",
       "      <td>0.170558</td>\n",
       "      <td>0.599368</td>\n",
       "      <td>-0.935825</td>\n",
       "    </tr>\n",
       "    <tr>\n",
       "      <th>C0009</th>\n",
       "      <td>0.342191</td>\n",
       "      <td>0.992784</td>\n",
       "      <td>0.966632</td>\n",
       "      <td>-0.937436</td>\n",
       "      <td>0.960359</td>\n",
       "      <td>0.158148</td>\n",
       "      <td>0.892130</td>\n",
       "      <td>-0.765879</td>\n",
       "      <td>1.000000</td>\n",
       "      <td>0.987216</td>\n",
       "      <td>-0.812473</td>\n",
       "      <td>-0.981893</td>\n",
       "      <td>-0.998587</td>\n",
       "      <td>0.970126</td>\n",
       "      <td>0.968066</td>\n",
       "      <td>-0.797356</td>\n",
       "      <td>-0.880843</td>\n",
       "      <td>-0.760457</td>\n",
       "      <td>0.055641</td>\n",
       "      <td>0.943287</td>\n",
       "    </tr>\n",
       "    <tr>\n",
       "      <th>C0010</th>\n",
       "      <td>0.469227</td>\n",
       "      <td>0.999182</td>\n",
       "      <td>0.914561</td>\n",
       "      <td>-0.869969</td>\n",
       "      <td>0.903969</td>\n",
       "      <td>0.000501</td>\n",
       "      <td>0.809235</td>\n",
       "      <td>-0.653725</td>\n",
       "      <td>0.987216</td>\n",
       "      <td>1.000000</td>\n",
       "      <td>-0.876848</td>\n",
       "      <td>-0.962298</td>\n",
       "      <td>-0.980589</td>\n",
       "      <td>0.919129</td>\n",
       "      <td>0.915868</td>\n",
       "      <td>-0.874032</td>\n",
       "      <td>-0.794130</td>\n",
       "      <td>-0.851878</td>\n",
       "      <td>0.213849</td>\n",
       "      <td>0.878465</td>\n",
       "    </tr>\n",
       "    <tr>\n",
       "      <th>C0011</th>\n",
       "      <td>-0.508664</td>\n",
       "      <td>-0.860726</td>\n",
       "      <td>-0.647877</td>\n",
       "      <td>0.600775</td>\n",
       "      <td>-0.638871</td>\n",
       "      <td>0.380461</td>\n",
       "      <td>-0.495683</td>\n",
       "      <td>0.310141</td>\n",
       "      <td>-0.812473</td>\n",
       "      <td>-0.876848</td>\n",
       "      <td>1.000000</td>\n",
       "      <td>0.713258</td>\n",
       "      <td>0.810400</td>\n",
       "      <td>-0.669394</td>\n",
       "      <td>-0.662180</td>\n",
       "      <td>0.993213</td>\n",
       "      <td>0.491828</td>\n",
       "      <td>0.963268</td>\n",
       "      <td>-0.531229</td>\n",
       "      <td>-0.602451</td>\n",
       "    </tr>\n",
       "    <tr>\n",
       "      <th>C0012</th>\n",
       "      <td>-0.382608</td>\n",
       "      <td>-0.970613</td>\n",
       "      <td>-0.971106</td>\n",
       "      <td>0.934560</td>\n",
       "      <td>-0.961359</td>\n",
       "      <td>-0.225544</td>\n",
       "      <td>-0.905778</td>\n",
       "      <td>0.786174</td>\n",
       "      <td>-0.981893</td>\n",
       "      <td>-0.962298</td>\n",
       "      <td>0.713258</td>\n",
       "      <td>1.000000</td>\n",
       "      <td>0.974257</td>\n",
       "      <td>-0.966041</td>\n",
       "      <td>-0.965385</td>\n",
       "      <td>0.711092</td>\n",
       "      <td>0.886762</td>\n",
       "      <td>0.693234</td>\n",
       "      <td>-0.000818</td>\n",
       "      <td>-0.945447</td>\n",
       "    </tr>\n",
       "    <tr>\n",
       "      <th>C0013</th>\n",
       "      <td>-0.295809</td>\n",
       "      <td>-0.987201</td>\n",
       "      <td>-0.970954</td>\n",
       "      <td>0.947827</td>\n",
       "      <td>-0.966687</td>\n",
       "      <td>-0.183817</td>\n",
       "      <td>-0.903324</td>\n",
       "      <td>0.784562</td>\n",
       "      <td>-0.998587</td>\n",
       "      <td>-0.980589</td>\n",
       "      <td>0.810400</td>\n",
       "      <td>0.974257</td>\n",
       "      <td>1.000000</td>\n",
       "      <td>-0.976070</td>\n",
       "      <td>-0.974034</td>\n",
       "      <td>0.789174</td>\n",
       "      <td>0.894919</td>\n",
       "      <td>0.744322</td>\n",
       "      <td>-0.025054</td>\n",
       "      <td>-0.951773</td>\n",
       "    </tr>\n",
       "    <tr>\n",
       "      <th>C0014</th>\n",
       "      <td>0.139157</td>\n",
       "      <td>0.934215</td>\n",
       "      <td>0.998982</td>\n",
       "      <td>-0.993609</td>\n",
       "      <td>0.999185</td>\n",
       "      <td>0.392061</td>\n",
       "      <td>0.974897</td>\n",
       "      <td>-0.898975</td>\n",
       "      <td>0.970126</td>\n",
       "      <td>0.919129</td>\n",
       "      <td>-0.669394</td>\n",
       "      <td>-0.966041</td>\n",
       "      <td>-0.976070</td>\n",
       "      <td>1.000000</td>\n",
       "      <td>0.999953</td>\n",
       "      <td>-0.637652</td>\n",
       "      <td>-0.969227</td>\n",
       "      <td>-0.582006</td>\n",
       "      <td>-0.188239</td>\n",
       "      <td>0.995639</td>\n",
       "    </tr>\n",
       "    <tr>\n",
       "      <th>C0015</th>\n",
       "      <td>0.134605</td>\n",
       "      <td>0.931281</td>\n",
       "      <td>0.999243</td>\n",
       "      <td>-0.994323</td>\n",
       "      <td>0.999527</td>\n",
       "      <td>0.400080</td>\n",
       "      <td>0.976819</td>\n",
       "      <td>-0.902523</td>\n",
       "      <td>0.968066</td>\n",
       "      <td>0.915868</td>\n",
       "      <td>-0.662180</td>\n",
       "      <td>-0.965385</td>\n",
       "      <td>-0.974034</td>\n",
       "      <td>0.999953</td>\n",
       "      <td>1.000000</td>\n",
       "      <td>-0.630367</td>\n",
       "      <td>-0.971091</td>\n",
       "      <td>-0.574782</td>\n",
       "      <td>-0.196333</td>\n",
       "      <td>0.996387</td>\n",
       "    </tr>\n",
       "    <tr>\n",
       "      <th>C0016</th>\n",
       "      <td>-0.605349</td>\n",
       "      <td>-0.855334</td>\n",
       "      <td>-0.619522</td>\n",
       "      <td>0.559558</td>\n",
       "      <td>-0.606242</td>\n",
       "      <td>0.444203</td>\n",
       "      <td>-0.452846</td>\n",
       "      <td>0.252516</td>\n",
       "      <td>-0.797356</td>\n",
       "      <td>-0.874032</td>\n",
       "      <td>0.993213</td>\n",
       "      <td>0.711092</td>\n",
       "      <td>0.789174</td>\n",
       "      <td>-0.637652</td>\n",
       "      <td>-0.630367</td>\n",
       "      <td>1.000000</td>\n",
       "      <td>0.443004</td>\n",
       "      <td>0.987964</td>\n",
       "      <td>-0.601510</td>\n",
       "      <td>-0.565226</td>\n",
       "    </tr>\n",
       "    <tr>\n",
       "      <th>C0017</th>\n",
       "      <td>0.086526</td>\n",
       "      <td>-0.817822</td>\n",
       "      <td>-0.969703</td>\n",
       "      <td>0.990476</td>\n",
       "      <td>-0.977108</td>\n",
       "      <td>-0.602262</td>\n",
       "      <td>-0.998425</td>\n",
       "      <td>0.978794</td>\n",
       "      <td>-0.880843</td>\n",
       "      <td>-0.794130</td>\n",
       "      <td>0.491828</td>\n",
       "      <td>0.886762</td>\n",
       "      <td>0.894919</td>\n",
       "      <td>-0.969227</td>\n",
       "      <td>-0.971091</td>\n",
       "      <td>0.443004</td>\n",
       "      <td>1.000000</td>\n",
       "      <td>0.368742</td>\n",
       "      <td>0.423243</td>\n",
       "      <td>-0.987721</td>\n",
       "    </tr>\n",
       "    <tr>\n",
       "      <th>C0018</th>\n",
       "      <td>-0.721185</td>\n",
       "      <td>-0.830148</td>\n",
       "      <td>-0.568763</td>\n",
       "      <td>0.492956</td>\n",
       "      <td>-0.550080</td>\n",
       "      <td>0.519620</td>\n",
       "      <td>-0.386337</td>\n",
       "      <td>0.170558</td>\n",
       "      <td>-0.760457</td>\n",
       "      <td>-0.851878</td>\n",
       "      <td>0.963268</td>\n",
       "      <td>0.693234</td>\n",
       "      <td>0.744322</td>\n",
       "      <td>-0.582006</td>\n",
       "      <td>-0.574782</td>\n",
       "      <td>0.987964</td>\n",
       "      <td>0.368742</td>\n",
       "      <td>1.000000</td>\n",
       "      <td>-0.682310</td>\n",
       "      <td>-0.503815</td>\n",
       "    </tr>\n",
       "    <tr>\n",
       "      <th>C0019</th>\n",
       "      <td>0.817154</td>\n",
       "      <td>0.174338</td>\n",
       "      <td>-0.197789</td>\n",
       "      <td>0.294531</td>\n",
       "      <td>-0.224273</td>\n",
       "      <td>-0.972495</td>\n",
       "      <td>-0.400423</td>\n",
       "      <td>0.599368</td>\n",
       "      <td>0.055641</td>\n",
       "      <td>0.213849</td>\n",
       "      <td>-0.531229</td>\n",
       "      <td>-0.000818</td>\n",
       "      <td>-0.025054</td>\n",
       "      <td>-0.188239</td>\n",
       "      <td>-0.196333</td>\n",
       "      <td>-0.601510</td>\n",
       "      <td>0.423243</td>\n",
       "      <td>-0.682310</td>\n",
       "      <td>1.000000</td>\n",
       "      <td>-0.278894</td>\n",
       "    </tr>\n",
       "    <tr>\n",
       "      <th>C0020</th>\n",
       "      <td>0.061158</td>\n",
       "      <td>0.896983</td>\n",
       "      <td>0.995780</td>\n",
       "      <td>-0.999325</td>\n",
       "      <td>0.998346</td>\n",
       "      <td>0.476078</td>\n",
       "      <td>0.991365</td>\n",
       "      <td>-0.935825</td>\n",
       "      <td>0.943287</td>\n",
       "      <td>0.878465</td>\n",
       "      <td>-0.602451</td>\n",
       "      <td>-0.945447</td>\n",
       "      <td>-0.951773</td>\n",
       "      <td>0.995639</td>\n",
       "      <td>0.996387</td>\n",
       "      <td>-0.565226</td>\n",
       "      <td>-0.987721</td>\n",
       "      <td>-0.503815</td>\n",
       "      <td>-0.278894</td>\n",
       "      <td>1.000000</td>\n",
       "    </tr>\n",
       "  </tbody>\n",
       "</table>\n",
       "</div>"
      ],
      "text/plain": [
       "CustomerID     C0001     C0002     C0003     C0004     C0005     C0006  \\\n",
       "CustomerID                                                               \n",
       "C0001       1.000000  0.441150  0.152203 -0.030667  0.115536 -0.684486   \n",
       "C0002       0.441150  1.000000  0.930170 -0.888940  0.920482  0.040945   \n",
       "C0003       0.152203  0.930170  1.000000 -0.992468  0.999259  0.404906   \n",
       "C0004      -0.030667 -0.888940 -0.992468  1.000000 -0.996377 -0.487096   \n",
       "C0005       0.115536  0.920482  0.999259 -0.996377  1.000000  0.427019   \n",
       "C0006      -0.684486  0.040945  0.404906 -0.487096  0.427019  1.000000   \n",
       "C0007      -0.040062  0.832297  0.977338 -0.992060  0.982706  0.586990   \n",
       "C0008       0.253231 -0.683623 -0.902205  0.941292 -0.914305 -0.752794   \n",
       "C0009       0.342191  0.992784  0.966632 -0.937436  0.960359  0.158148   \n",
       "C0010       0.469227  0.999182  0.914561 -0.869969  0.903969  0.000501   \n",
       "C0011      -0.508664 -0.860726 -0.647877  0.600775 -0.638871  0.380461   \n",
       "C0012      -0.382608 -0.970613 -0.971106  0.934560 -0.961359 -0.225544   \n",
       "C0013      -0.295809 -0.987201 -0.970954  0.947827 -0.966687 -0.183817   \n",
       "C0014       0.139157  0.934215  0.998982 -0.993609  0.999185  0.392061   \n",
       "C0015       0.134605  0.931281  0.999243 -0.994323  0.999527  0.400080   \n",
       "C0016      -0.605349 -0.855334 -0.619522  0.559558 -0.606242  0.444203   \n",
       "C0017       0.086526 -0.817822 -0.969703  0.990476 -0.977108 -0.602262   \n",
       "C0018      -0.721185 -0.830148 -0.568763  0.492956 -0.550080  0.519620   \n",
       "C0019       0.817154  0.174338 -0.197789  0.294531 -0.224273 -0.972495   \n",
       "C0020       0.061158  0.896983  0.995780 -0.999325  0.998346  0.476078   \n",
       "\n",
       "CustomerID     C0007     C0008     C0009     C0010     C0011     C0012  \\\n",
       "CustomerID                                                               \n",
       "C0001      -0.040062  0.253231  0.342191  0.469227 -0.508664 -0.382608   \n",
       "C0002       0.832297 -0.683623  0.992784  0.999182 -0.860726 -0.970613   \n",
       "C0003       0.977338 -0.902205  0.966632  0.914561 -0.647877 -0.971106   \n",
       "C0004      -0.992060  0.941292 -0.937436 -0.869969  0.600775  0.934560   \n",
       "C0005       0.982706 -0.914305  0.960359  0.903969 -0.638871 -0.961359   \n",
       "C0006       0.586990 -0.752794  0.158148  0.000501  0.380461 -0.225544   \n",
       "C0007       1.000000 -0.973011  0.892130  0.809235 -0.495683 -0.905778   \n",
       "C0008      -0.973011  1.000000 -0.765879 -0.653725  0.310141  0.786174   \n",
       "C0009       0.892130 -0.765879  1.000000  0.987216 -0.812473 -0.981893   \n",
       "C0010       0.809235 -0.653725  0.987216  1.000000 -0.876848 -0.962298   \n",
       "C0011      -0.495683  0.310141 -0.812473 -0.876848  1.000000  0.713258   \n",
       "C0012      -0.905778  0.786174 -0.981893 -0.962298  0.713258  1.000000   \n",
       "C0013      -0.903324  0.784562 -0.998587 -0.980589  0.810400  0.974257   \n",
       "C0014       0.974897 -0.898975  0.970126  0.919129 -0.669394 -0.966041   \n",
       "C0015       0.976819 -0.902523  0.968066  0.915868 -0.662180 -0.965385   \n",
       "C0016      -0.452846  0.252516 -0.797356 -0.874032  0.993213  0.711092   \n",
       "C0017      -0.998425  0.978794 -0.880843 -0.794130  0.491828  0.886762   \n",
       "C0018      -0.386337  0.170558 -0.760457 -0.851878  0.963268  0.693234   \n",
       "C0019      -0.400423  0.599368  0.055641  0.213849 -0.531229 -0.000818   \n",
       "C0020       0.991365 -0.935825  0.943287  0.878465 -0.602451 -0.945447   \n",
       "\n",
       "CustomerID     C0013     C0014     C0015     C0016     C0017     C0018  \\\n",
       "CustomerID                                                               \n",
       "C0001      -0.295809  0.139157  0.134605 -0.605349  0.086526 -0.721185   \n",
       "C0002      -0.987201  0.934215  0.931281 -0.855334 -0.817822 -0.830148   \n",
       "C0003      -0.970954  0.998982  0.999243 -0.619522 -0.969703 -0.568763   \n",
       "C0004       0.947827 -0.993609 -0.994323  0.559558  0.990476  0.492956   \n",
       "C0005      -0.966687  0.999185  0.999527 -0.606242 -0.977108 -0.550080   \n",
       "C0006      -0.183817  0.392061  0.400080  0.444203 -0.602262  0.519620   \n",
       "C0007      -0.903324  0.974897  0.976819 -0.452846 -0.998425 -0.386337   \n",
       "C0008       0.784562 -0.898975 -0.902523  0.252516  0.978794  0.170558   \n",
       "C0009      -0.998587  0.970126  0.968066 -0.797356 -0.880843 -0.760457   \n",
       "C0010      -0.980589  0.919129  0.915868 -0.874032 -0.794130 -0.851878   \n",
       "C0011       0.810400 -0.669394 -0.662180  0.993213  0.491828  0.963268   \n",
       "C0012       0.974257 -0.966041 -0.965385  0.711092  0.886762  0.693234   \n",
       "C0013       1.000000 -0.976070 -0.974034  0.789174  0.894919  0.744322   \n",
       "C0014      -0.976070  1.000000  0.999953 -0.637652 -0.969227 -0.582006   \n",
       "C0015      -0.974034  0.999953  1.000000 -0.630367 -0.971091 -0.574782   \n",
       "C0016       0.789174 -0.637652 -0.630367  1.000000  0.443004  0.987964   \n",
       "C0017       0.894919 -0.969227 -0.971091  0.443004  1.000000  0.368742   \n",
       "C0018       0.744322 -0.582006 -0.574782  0.987964  0.368742  1.000000   \n",
       "C0019      -0.025054 -0.188239 -0.196333 -0.601510  0.423243 -0.682310   \n",
       "C0020      -0.951773  0.995639  0.996387 -0.565226 -0.987721 -0.503815   \n",
       "\n",
       "CustomerID     C0019     C0020  \n",
       "CustomerID                      \n",
       "C0001       0.817154  0.061158  \n",
       "C0002       0.174338  0.896983  \n",
       "C0003      -0.197789  0.995780  \n",
       "C0004       0.294531 -0.999325  \n",
       "C0005      -0.224273  0.998346  \n",
       "C0006      -0.972495  0.476078  \n",
       "C0007      -0.400423  0.991365  \n",
       "C0008       0.599368 -0.935825  \n",
       "C0009       0.055641  0.943287  \n",
       "C0010       0.213849  0.878465  \n",
       "C0011      -0.531229 -0.602451  \n",
       "C0012      -0.000818 -0.945447  \n",
       "C0013      -0.025054 -0.951773  \n",
       "C0014      -0.188239  0.995639  \n",
       "C0015      -0.196333  0.996387  \n",
       "C0016      -0.601510 -0.565226  \n",
       "C0017       0.423243 -0.987721  \n",
       "C0018      -0.682310 -0.503815  \n",
       "C0019       1.000000 -0.278894  \n",
       "C0020      -0.278894  1.000000  "
      ]
     },
     "metadata": {},
     "output_type": "display_data"
    }
   ],
   "source": [
    "from sklearn.preprocessing import StandardScaler\n",
    "from sklearn.metrics.pairwise import cosine_similarity\n",
    "\n",
    "# Extract features for similarity calculation\n",
    "features = customer_behavior[['total_spent', 'transaction_count', 'unique_products']]\n",
    "\n",
    "# Standardize the features\n",
    "scaler = StandardScaler()\n",
    "scaled_features = scaler.fit_transform(features)\n",
    "\n",
    "# Calculate cosine similarity between customers\n",
    "similarity_matrix = cosine_similarity(scaled_features)\n",
    "\n",
    "# Display the similarity matrix for the first 20 customers\n",
    "similarity_df = pd.DataFrame(similarity_matrix[:20, :20], index=customer_behavior['CustomerID'][:20], columns=customer_behavior['CustomerID'][:20])\n",
    "display(similarity_df)\n"
   ]
  },
  {
   "cell_type": "code",
   "execution_count": 20,
   "id": "22bfed64-5043-4add-bf0d-0a9524ba9356",
   "metadata": {},
   "outputs": [],
   "source": [
    "import os\n",
    "\n",
    "# Check if the 'outputs' directory exists, if not, create it\n",
    "if not os.path.exists('outputs'):\n",
    "    os.makedirs('outputs')\n"
   ]
  },
  {
   "cell_type": "code",
   "execution_count": 21,
   "id": "bdb8760a-6a5c-4d71-b0b2-f4313479b3bf",
   "metadata": {},
   "outputs": [
    {
     "data": {
      "text/html": [
       "<div>\n",
       "<style scoped>\n",
